[1]i  [2]ii  [3]1  [4]2  [5]3  [6]4  [7]5  [8]6  [9]7  [10]8  [11]9
   [12]10  [13]11  [14]12  [15]13  [16]14  [17]15  [18]16  [19]17  [20]18
   [21]19  [22]20  [23]21  [24]22  [25]23  [26]24  [27]25  [28]26  [29]27
   [30]28  [31]29  [32]30  [33]31  [34]32  [35]33  [36]34  [37]35  [38]36
   [39]37  [40]38  [41]39  [42]40  [43]41  [44]42  [45]43  [46]44  [47]45
   [48]46  [49]47  [50]48  [51]49  [52]50  [53]51  [54]52  [55]53  [56]54
   [57]55  [58]56  [59]57  [60]58  [61]59  [62]60  [63]61  [64]62  [65]63
   [66]64  [67]65  [68]66  [69]67  [70]68  [71]69  [72]70  [73]71  [74]72
   [75]73  [76]74  [77]75  [78]76  [79]77  [80]78  [81]79  [82]80  [83]81
   [84]82  [85]83  [86]84  [87]85  [88]86  [89]87  [90]88  [91]89  [92]90
   [93]91  [94]92  [95]93  [96]94  [97]95  [98]96  [99]97  [100]98
   [101]99  [102]101  [103]102  [104]103  [105]104  [106]105  [107]106
   [108]107  [109]108  [110]109  [111]110  [112]111  [113]112  [114]113
   [115]114  [116]115  [117]116  [118]117  [119]118  [120]119  [121]120
   [122]121  [123]122  [124]123  [125]124  [126]125  [127]126  [128]127
   [129]128  [130]129  [131]130  [132]131  [133]132  [134]133  [135]134
   [136]135  [137]136  [138]137  [139]138  [140]139  [141]140  [142]141
   [143]142  [144]143  [145]144  [146]145  [147]146  [148]147  [149]148
   [150]149  [151]150  [152]151  [153]152  [154]153  [155]154  [156]155
   [157]156  [158]157  [159]158  [160]159  [161]160  [162]161  [163]162
   [164]163  [165]164  [166]165  [167]166  [168]167  [169]168  [170]169
   [171]170  [172]171  [173]172  [174]173  [175]174  [176]175  [177]176
   [178]177  [179]178  [180]179  [181]180  [182]181  [183]182  [184]183
   [185]184  [186]185  [187]186  [188]187  [189]188  [190]189  [191]190
   [192]191  [193]192  [194]193  [195]194  [196]195  [197]196  [198]197
   [199]198  [200]199  [201]201  [202]202  [203]203  [204]204  [205]205
   [206]206  [207]207  [208]208  [209]209  [210]210  [211]211  [212]212
   [213]213  [214]214  [215]215  [216]216  [217]217  [218]218  [219]219
   [220]220  [221]221  [222]222  [223]223  [224]224  [225]225  [226]226
   [227]227  [228]228  [229]229  [230]230  [231]231  [232]232  [233]233
   [234]234  [235]235  [236]236  [237]237  [238]238  [239]239  [240]240
   [241]241  [242]242  [243]243  [244]244  [245]245  [246]246  [247]247
   [248]248  [249]249  [250]250  [251]251  [252]252  [253]253  [254]254
   [255]255  [256]256  [257]257  [258]258  [259]259  [260]260  [261]261
   [262]262  [263]263  [264]264  [265]265  [266]266  [267]267  [268]268
   [269]269  [270]270  [271]271  [272]272  [273]273  [274]274  [275]275
   [276]276  [277]277  [278]278  [279]279  [280]280  [281]281  [282]282
   [283]283  [284]284  [285]285  [286]286  [287]287  [288]288  [289]289
   [290]290  [291]291  [292]292  [293]293  [294]294  [295]295  [296]296
   [297]297  [298]298  [299]299  [300]301  [301]302  [302]303  [303]304
   [304]305  [305]306  [306]307  [307]308  [308]309  [309]310  [310]311
   [311]312  [312]313  [313]314  [314]315  [315]316  [316]317  [317]318
   [318]319  [319]320  [320]321  [321]322  [322]323  [323]324  [324]325
   [325]326  [326]327  [327]328  [328]329  [329]330  [330]331  [331]332
   [332]333  [333]334  [334]335  [335]336  [336]337  [337]338  [338]339
   [339]340  [340]341  [341]342  [342]343  [343]344  [344]345  [345]346
   [346]347  [347]348  [348]349  [349]350  [350]351  [351]352  [352]353
   [353]354  [354]355  [355]356  [356]357  [357]358  [358]359  [359]360
   [360]361  [361]362  [362]363  [363]364  [364]365  [365]366  [366]367
   [367]368  [368]369  [369]370  [370]371  [371]372  [372]373  [373]374
   [374]375  [375]376  [376]377  [377]378  [378]379  [379]380  [380]381
   [381]382  [382]383  [383]384  [384]385  [385]386  [386]387  [387]388
   [388]389  [389]390  [390]391  [391]392  [392]393  [393]